KsponSpeech_E00001 2 9 2 45 127 22 2 288 11 37 2 193 114 29 16 2 4 71 19 2 14 5 2 111 40 15 2 53 155 236 2 68 81 52 37 2 4 110 2 9 238 19 2 91 203 26 2 89 2 62 2 25 26 27 2 150 292 26 2 46 728 2 62 2 25 26 27 2 29 16 2 105
KsponSpeech_E00002 2 349 737 2 151 8 54 2 130 2 29 24 2 51 55 6
KsponSpeech_E00003 2 102 63 2 705 22 2 137 68 2 42 22 2 210 334 4 24
KsponSpeech_E00004 2 81 2 33 12 2 70 281 2 45 127 2 300 2 85 8 2 4 111 132 111 2 15 2 217 31 2 14 15 7 2 46 63 2 51 23 2 38 2 7 5 2 10 8 2 35 2 51 23
KsponSpeech_E00005 2 6 2 66 314 2 130 2 3 47 2 10 2 35 2 14 55 6 2 9 2 3 11
KsponSpeech_E00006 2 6 2 33 12 2 53 73 2 292 21 2 85 8 2 25 5 12 2 12 113 275 2 10 2 206 61 15
KsponSpeech_E00007 2 3 32 16 2 132 534 17 16 2 3 2 64 21 54 2 347 6 16 2 58 2 323 6 15 20 5 2 39 266 57 12
KsponSpeech_E00008 2 3 47 7
KsponSpeech_E00009 2 33 12 2 48 7 2 253 178 2 10 54 2 108 2 131 2 85 9 16 2 131 2 85 21 18 2 14 8
KsponSpeech_E00010 2 3 32 16 2 13 5 2 11 86 2 385 207 2 203 17 5 2 36 96 34 4 2 189 2 185 116 44 82 346 2 38 2 203 44 2 185 116 44 82 346 2 109 6 16 2 11 86 2 66 30 2 368 174 676 7 2 3 186 10 87
